0 0.078358 0.732903 0.148321 0.500776
0 0.273321 0.736400 0.163246 0.493782
0 0.196362 0.641280 0.089552 0.513366
0 0.338619 0.625893 0.099813 0.476996
0 0.259328 0.525878 0.075560 0.388871
0 0.368470 0.518185 0.075560 0.379079
0 0.303172 0.434955 0.056903 0.271370
0 0.382929 0.435654 0.052239 0.272769
0 0.325093 0.371309 0.052239 0.211221
0 0.395056 0.379002 0.054104 0.215418
0 0.416045 0.321651 0.036381 0.151072
0 0.424907 0.302067 0.033582 0.137084
0 0.385728 0.260802 0.026119 0.121697
0 0.423974 0.267796 0.026119 0.135685
0 0.398321 0.243317 0.021455 0.125893
0 0.431437 0.236323 0.022388 0.123096
0 0.461754 0.226531 0.019590 0.103512
0 0.763060 0.738498 0.273321 0.489586
0 0.966805 0.741677 0.065140 0.479158
0 0.659515 0.685343 0.138993 0.581908
0 0.832090 0.687441 0.150187 0.577711
0 0.585821 0.592322 0.086754 0.440627
0 0.717817 0.592322 0.089552 0.446222
0 0.564832 0.481116 0.076493 0.310537
0 0.659981 0.479717 0.070896 0.307740
0 0.545709 0.421666 0.055037 0.247591
0 0.626866 0.418169 0.056903 0.254585
0 0.532183 0.370609 0.046642 0.195834
0 0.597948 0.373407 0.045709 0.209822
0 0.516325 0.330743 0.029851 0.146876
0 0.571828 0.324449 0.032649 0.145477
0 0.509943 0.315967 0.030114 0.153361
0 0.556534 0.315967 0.032386 0.151657
0 0.509375 0.298500 0.036932 0.130357
0 0.549432 0.295944 0.030682 0.128653
0 0.499716 0.262290 0.028977 0.124393
0 0.537500 0.262716 0.025000 0.125245
0 0.494318 0.229062 0.020455 0.102241
0 0.526136 0.225228 0.018182 0.099685