0 0.838118 0.797965 0.285005 0.398902
0 0.906189 0.675065 0.183745 0.608527
0 0.700460 0.685724 0.176841 0.600775
0 0.612645 0.424903 0.090843 0.369832
0 0.724685 0.420058 0.101744 0.379522
0 0.330426 0.650194 0.165940 0.562016
0 0.132994 0.654231 0.153828 0.560401
0 0.235950 0.515342 0.115068 0.447351
0 0.372214 0.516957 0.111434 0.444121
0 0.292272 0.409561 0.092054 0.322997
0 0.398861 0.415213 0.094477 0.331072
0 0.324976 0.315084 0.067829 0.237403
0 0.419453 0.320736 0.065407 0.242248
0 0.679264 0.314276 0.066618 0.264858
0 0.597505 0.314276 0.087209 0.248708
0 0.354046 0.235950 0.046027 0.208333
0 0.428537 0.231105 0.056928 0.208333
0 0.500000 0.229490 0.073886 0.201873
0 0.584787 0.223030 0.073886 0.218023
0 0.648983 0.227875 0.056928 0.227713