0 0.067358 0.775159 0.130945 0.396676
0 0.269537 0.776556 0.193798 0.388295
0 0.177876 0.685767 0.134088 0.427404
0 0.337628 0.685069 0.145611 0.426007
0 0.237586 0.596375 0.100566 0.365947
0 0.369579 0.598471 0.106851 0.367344
0 0.292060 0.518158 0.073329 0.279349
0 0.401006 0.523046 0.087995 0.286333
0 0.324010 0.458098 0.061806 0.257001
0 0.412529 0.456003 0.073329 0.250017
0 0.382673 0.393149 0.055521 0.171800
0 0.446051 0.392451 0.048188 0.173196
0 0.404148 0.357532 0.039807 0.156436
0 0.453384 0.355437 0.043997 0.152245
0 0.835219 0.813569 0.265032 0.319855
0 0.718940 0.761890 0.179133 0.417627
0 0.913262 0.757700 0.163419 0.431594
0 0.652944 0.673895 0.128850 0.423214
0 0.800649 0.665514 0.122564 0.428801
0 0.624660 0.575424 0.103708 0.340806
0 0.741986 0.569139 0.103708 0.319855
0 0.602661 0.513269 0.084852 0.275159
0 0.708464 0.514666 0.097423 0.269572
0 0.589566 0.472065 0.075424 0.243034
0 0.673371 0.469970 0.073329 0.247224
0 0.569663 0.429464 0.062854 0.199735
0 0.632516 0.432956 0.058663 0.215099
0 0.562854 0.405720 0.049235 0.185767
0 0.620993 0.400831 0.048188 0.178783
0 0.556044 0.388260 0.043997 0.170403
0 0.609470 0.384070 0.046093 0.164816
0 0.550283 0.372896 0.040855 0.198338
0 0.603185 0.358230 0.043997 0.160626
0 0.408339 0.300964 0.027237 0.113136
0 0.456003 0.302361 0.038760 0.113136
0 0.498952 0.305154 0.036665 0.121517
0 0.542426 0.310043 0.037712 0.125707
0 0.581710 0.301662 0.032474 0.103359