0 0.067936 0.696190 0.134071 0.509748
0 0.241809 0.704570 0.173873 0.529300
0 0.786471 0.728311 0.251383 0.484610
0 0.966875 0.716412 0.065433 0.488744
0 0.641926 0.620775 0.144545 0.534886
0 0.818942 0.617284 0.146640 0.533490
0 0.577510 0.532093 0.112075 0.418971
0 0.706343 0.529300 0.109980 0.438523
0 0.547658 0.409195 0.087984 0.287693
0 0.651353 0.411988 0.092174 0.301659
0 0.518330 0.372186 0.071225 0.266745
0 0.604219 0.370091 0.069130 0.276521
0 0.508379 0.319116 0.065988 0.222055
0 0.583270 0.320513 0.069130 0.222055
0 0.476433 0.270236 0.041897 0.174571
0 0.538755 0.268141 0.045039 0.178761
0 0.468577 0.239512 0.038755 0.138260
0 0.524091 0.240908 0.038755 0.138260
0 0.463864 0.210184 0.035613 0.096363
0 0.513617 0.208089 0.038755 0.100553
0 0.461245 0.184347 0.036660 0.117312
0 0.504190 0.183649 0.036660 0.113122
0 0.486907 0.157114 0.027233 0.107536
0 0.453913 0.142450 0.032470 0.086587
0 0.413587 0.142450 0.033518 0.089380
0 0.142827 0.545361 0.122549 0.417574
0 0.296275 0.541869 0.129881 0.421764
0 0.195199 0.444109 0.076462 0.329591
0 0.317748 0.451092 0.089031 0.340763
0 0.242333 0.374979 0.072272 0.286297
0 0.345504 0.375677 0.087984 0.282107
0 0.266947 0.326797 0.056561 0.231831
0 0.349694 0.325401 0.069130 0.231831
0 0.310939 0.252779 0.041897 0.170382
0 0.370643 0.252779 0.046087 0.167588
0 0.319842 0.211580 0.034565 0.107536
0 0.369072 0.213675 0.038755 0.106139
0 0.331888 0.187140 0.037707 0.111726
0 0.375356 0.185744 0.028281 0.108932
0 0.338696 0.146640 0.026186 0.081001
0 0.372214 0.143847 0.030375 0.083794