0 0.030978 0.880206 0.061955 0.191237
0 0.230037 0.876162 0.287335 0.211327
0 0.807993 0.849394 0.286396 0.262046
0 0.983586 0.841646 0.030987 0.269090
0 0.705172 0.804311 0.178410 0.355030
0 0.901893 0.800085 0.177471 0.360665
0 0.656344 0.760637 0.125826 0.422654
0 0.798133 0.760637 0.123948 0.431107
0 0.622540 0.695125 0.107046 0.362074
0 0.738976 0.690899 0.093900 0.364892
0 0.599065 0.642294 0.088266 0.329670
0 0.699069 0.638067 0.085449 0.332488
0 0.579815 0.559876 0.061035 0.229642
0 0.647893 0.559876 0.058218 0.235278
0 0.633320 0.524312 0.044998 0.191051
0 0.570131 0.523594 0.054573 0.182432
0 0.568934 0.506716 0.052179 0.173095
0 0.620634 0.506356 0.040690 0.173813
0 0.559838 0.478704 0.045477 0.158730
0 0.607948 0.481218 0.045956 0.165194
0 0.128795 0.806360 0.175337 0.362970
0 0.327537 0.817899 0.171098 0.362737
0 0.230890 0.747253 0.122070 0.384615
0 0.369607 0.746420 0.119851 0.386280
0 0.281938 0.686480 0.099876 0.349650
0 0.406228 0.695638 0.104315 0.364635
0 0.309681 0.630703 0.104315 0.304695
0 0.420654 0.632368 0.086559 0.304695
0 0.389986 0.523516 0.048225 0.184507
0 0.448761 0.525324 0.052445 0.188125
0 0.402042 0.509044 0.048225 0.184507
0 0.453583 0.508140 0.044006 0.184507
0 0.413496 0.477841 0.045814 0.160087
0 0.460516 0.475580 0.040992 0.155565
0 0.418017 0.424931 0.042800 0.124813
0 0.465338 0.424479 0.034963 0.123909
0 0.508741 0.425835 0.033758 0.133858
0 0.552746 0.423122 0.040992 0.135667
0 0.598862 0.427644 0.041594 0.133858