0 0.068401 0.901961 0.135838 0.148459
0 0.259023 0.918232 0.178486 0.159334
0 0.183514 0.865477 0.134954 0.258699
0 0.330985 0.869618 0.124158 0.256563
0 0.237854 0.813390 0.076434 0.279533
0 0.365046 0.815126 0.120623 0.279533
0 0.274280 0.763907 0.077629 0.243072
0 0.379974 0.764775 0.083600 0.251754
0 0.302943 0.726578 0.053743 0.234391
0 0.395500 0.726578 0.071657 0.234391
0 0.322670 0.671022 0.050149 0.165957
0 0.400863 0.674859 0.061367 0.162120
0 0.351704 0.654234 0.050149 0.166916
0 0.418679 0.657112 0.050809 0.176509
0 0.370180 0.634569 0.044870 0.164038
0 0.432206 0.637926 0.046190 0.164998
0 0.716142 0.918822 0.160201 0.158154
0 0.905494 0.924567 0.136990 0.146665
0 0.656735 0.877790 0.111385 0.240218
0 0.805387 0.876674 0.101608 0.241268
0 0.623058 0.847131 0.098221 0.287224
0 0.744423 0.843028 0.085802 0.288866
0 0.606139 0.807882 0.077736 0.294118
0 0.708292 0.808606 0.070759 0.304260
0 0.583715 0.736163 0.066773 0.226021
0 0.673410 0.736888 0.060793 0.236163
0 0.573749 0.710808 0.056807 0.215879
0 0.648993 0.711533 0.059797 0.223124
0 0.553319 0.687627 0.055810 0.212982
0 0.620590 0.687627 0.050827 0.212982
0 0.544939 0.639801 0.042948 0.154258
0 0.604814 0.640536 0.041433 0.154258
0 0.599509 0.629150 0.048001 0.154992
0 0.545444 0.627314 0.041938 0.160134
0 0.483043 0.633558 0.058612 0.177029
0 0.428221 0.633925 0.051033 0.183640
0 0.375419 0.633558 0.037390 0.188782