0 0.072355 0.720344 0.138135 0.557079
0 0.265690 0.711256 0.230723 0.548469
0 0.152122 0.551020 0.151823 0.435268
0 0.307531 0.550223 0.149432 0.449617
0 0.208308 0.426658 0.096832 0.320472
0 0.331441 0.432239 0.118350 0.322066
0 0.791094 0.738361 0.286910 0.516582
0 0.966228 0.732781 0.063359 0.521365
0 0.648834 0.616390 0.176928 0.518176
0 0.832935 0.613999 0.176928 0.513393
0 0.580693 0.518335 0.114764 0.401786
0 0.716975 0.515944 0.131500 0.406569
0 0.548416 0.427455 0.095637 0.328444
0 0.655409 0.426658 0.115959 0.336416
0 0.250931 0.373453 0.084341 0.272427
0 0.346144 0.368181 0.091589 0.265397
0 0.272675 0.327317 0.068527 0.229366
0 0.353062 0.325559 0.075116 0.229366
0 0.320084 0.231749 0.052670 0.122111
0 0.372508 0.231421 0.047256 0.126707
0 0.321560 0.223214 0.048732 0.122111
0 0.376446 0.225512 0.050209 0.129333
0 0.325006 0.144105 0.061531 0.084690
0 0.378661 0.152967 0.044794 0.105042
0 0.421733 0.151326 0.040364 0.105699
0 0.459636 0.149028 0.037411 0.105042
0 0.500000 0.149028 0.042333 0.105042
0 0.615617 0.349002 0.078144 0.232241
0 0.529166 0.348181 0.086143 0.233883
0 0.508245 0.306739 0.067684 0.192030
0 0.579929 0.307149 0.062146 0.192851
0 0.486666 0.263295 0.055635 0.164958
0 0.547358 0.261455 0.056554 0.167411
0 0.476781 0.247964 0.052416 0.157599
0 0.531726 0.244591 0.046439 0.142268
0 0.467125 0.219142 0.046899 0.118353
0 0.517702 0.219449 0.040462 0.125098
0 0.462067 0.184189 0.037703 0.112220
0 0.506897 0.183269 0.031726 0.111607
1 0.090637 0.686263 0.166233 0.464527
1 0.787233 0.763182 0.229560 0.461511
1 0.646444 0.624427 0.137962 0.542954
1 0.161879 0.539967 0.125523 0.446429
1 0.328678 0.530918 0.110822 0.428330
1 0.574070 0.499246 0.097252 0.398166
1 0.662275 0.409508 0.067850 0.291083
1 0.230733 0.402776 0.080983 0.279918
1 0.346471 0.394675 0.116750 0.315920
1 0.627885 0.346072 0.065461 0.247516
1 0.533405 0.332571 0.069510 0.229515
1 0.589756 0.313670 0.064786 0.222314
1 0.267175 0.336622 0.063436 0.246616
1 0.345796 0.324921 0.065461 0.232215
1 0.549686 0.241400 0.051181 0.134028
1 0.484310 0.243393 0.048192 0.137018
1 0.367379 0.229442 0.054916 0.117088
1 0.304431 0.218232 0.037358 0.094667
1 0.318440 0.199548 0.028019 0.088190
1 0.372049 0.205776 0.026898 0.115593
1 0.529700 0.191576 0.020173 0.084204
1 0.466565 0.204032 0.033622 0.110112
1 0.509153 0.175881 0.023909 0.089684
1 0.458346 0.148228 0.023909 0.094169
1 0.380828 0.167660 0.046698 0.117088