0 0.073246 0.807594 0.142598 0.376887
0 0.255397 0.807594 0.223786 0.376887
0 0.320451 0.529576 0.168620 0.544204
0 0.160158 0.529576 0.141558 0.534063
0 0.338146 0.274375 0.118659 0.392097
0 0.218446 0.274375 0.116577 0.395477
0 0.347572 0.139738 0.115351 0.275214
0 0.252231 0.144516 0.070623 0.288592
0 0.881953 0.810571 0.225994 0.374596
0 0.647720 0.808660 0.235410 0.374596
0 0.739530 0.548736 0.160079 0.558072
0 0.584159 0.546825 0.153017 0.558072
0 0.660668 0.298368 0.108289 0.447222
0 0.542962 0.308879 0.141246 0.441488
0 0.618882 0.139738 0.088279 0.275214
0 0.518833 0.140693 0.104758 0.277125
1 0.694802 0.276389 0.120059 0.449133