0 0.076729 0.813833 0.153458 0.367503
0 0.256181 0.810630 0.214891 0.373907
0 0.316398 0.530680 0.165301 0.534975
0 0.158772 0.528762 0.154674 0.531140
0 0.216627 0.256481 0.102723 0.347062
0 0.339422 0.258399 0.135783 0.350897
0 0.255591 0.124175 0.088554 0.243519
0 0.349458 0.128010 0.085012 0.247354
0 0.880192 0.813507 0.227879 0.356650
0 0.648181 0.815424 0.229060 0.364320
0 0.583831 0.550813 0.152313 0.571407
0 0.736735 0.546019 0.151132 0.573324
0 0.661759 0.295789 0.131060 0.444854
0 0.541325 0.303459 0.145229 0.425679
0 0.515940 0.150061 0.101542 0.299126
0 0.616301 0.147185 0.094458 0.293373