0 0.082388 0.739428 0.162400 0.513223
0 0.264054 0.735509 0.179016 0.525023
0 0.774221 0.746964 0.274777 0.502111
0 0.964832 0.748601 0.065058 0.498838
0 0.192536 0.621921 0.123204 0.464774
0 0.332639 0.619466 0.137378 0.472956
0 0.644465 0.686564 0.135197 0.587513
0 0.836357 0.690655 0.141739 0.598969
0 0.717515 0.575280 0.109030 0.440226
0 0.581772 0.591646 0.121023 0.417314
0 0.658426 0.470613 0.075903 0.286631
0 0.564752 0.483272 0.082529 0.283015
0 0.631619 0.419074 0.064457 0.264931
0 0.556017 0.427212 0.072288 0.261314
0 0.600294 0.396921 0.068071 0.247751
0 0.533126 0.407772 0.062650 0.262218
0 0.578909 0.351711 0.051807 0.200732
0 0.523186 0.334531 0.051204 0.179032
0 0.562451 0.311606 0.041532 0.147598
0 0.511605 0.302668 0.034508 0.129721
0 0.545044 0.275165 0.026263 0.138889
0 0.508551 0.263706 0.041227 0.125138
0 0.532523 0.233682 0.028095 0.110011
0 0.502290 0.231848 0.029317 0.106344
0 0.466408 0.231390 0.030844 0.112761
0 0.365879 0.506477 0.094321 0.356251
0 0.259537 0.512492 0.097403 0.360877
0 0.380058 0.459286 0.080759 0.321088
0 0.289436 0.461599 0.077060 0.318312
0 0.391463 0.402378 0.056716 0.277598
0 0.311629 0.406542 0.070895 0.274822
0 0.418341 0.334658 0.036977 0.183909
0 0.426331 0.317020 0.032903 0.169328
0 0.430405 0.277980 0.032276 0.154277
0 0.390294 0.273277 0.030396 0.150514
0 0.433852 0.231415 0.027889 0.116648
0 0.401889 0.232356 0.026636 0.097834
1 0.688685 0.786284 0.351803 0.417530
1 0.095529 0.739466 0.184083 0.501957
1 0.303645 0.639688 0.162607 0.508097
1 0.112403 0.568309 0.154425 0.432880
1 0.726524 0.538376 0.096132 0.437486
1 0.567056 0.468555 0.110410 0.344198
1 0.256492 0.474079 0.067945 0.341648
1 0.392043 0.375029 0.085522 0.263067
1 0.555033 0.333007 0.038734 0.210108
1 0.527416 0.253592 0.026245 0.104110