0 0.084642 0.742699 0.153500 0.512230
0 0.269073 0.737248 0.195647 0.514572
0 0.201719 0.584159 0.105842 0.403963
0 0.335358 0.584159 0.107980 0.416787
0 0.656624 0.718012 0.186025 0.530602
0 0.959973 0.743396 0.072143 0.510836
0 0.829820 0.679539 0.149675 0.569074
0 0.590874 0.588968 0.095151 0.442435
0 0.713287 0.587365 0.096220 0.439229
0 0.251356 0.506800 0.086178 0.350576
0 0.372499 0.509448 0.095361 0.364345
0 0.564280 0.491442 0.083352 0.317743
0 0.666351 0.486676 0.082646 0.325157
0 0.541289 0.412980 0.076804 0.226858
0 0.623291 0.407352 0.067564 0.236382
0 0.533782 0.388303 0.059480 0.227723
0 0.607410 0.389602 0.056592 0.232053
0 0.517902 0.335052 0.045043 0.166247
0 0.571894 0.333780 0.042600 0.166170
0 0.508155 0.318652 0.036834 0.159926
0 0.558922 0.319372 0.042280 0.164249
0 0.506233 0.297280 0.032991 0.128709
0 0.549634 0.297040 0.027546 0.133032
0 0.501909 0.265103 0.037155 0.124867
0 0.542107 0.266544 0.030428 0.126788
0 0.526892 0.230284 0.026265 0.106137
0 0.499186 0.232445 0.031069 0.110460
0 0.465395 0.232926 0.034592 0.116223
0 0.383801 0.403000 0.067989 0.209445
0 0.304275 0.407634 0.066340 0.211299
0 0.323230 0.371491 0.057275 0.210681
0 0.396575 0.373962 0.058923 0.230452
0 0.419856 0.336583 0.041205 0.191528
0 0.427067 0.280360 0.039969 0.158165
0 0.384832 0.264606 0.042029 0.129127
0 0.433454 0.234950 0.028020 0.132834
0 0.399459 0.239274 0.036673 0.122949
1 0.108826 0.750428 0.196686 0.492619
1 0.684610 0.732519 0.170337 0.532589
1 0.837882 0.722420 0.134054 0.548636
1 0.716464 0.548603 0.086806 0.425069
1 0.565928 0.521418 0.130758 0.423422
1 0.367594 0.658989 0.153833 0.599710
1 0.630208 0.416798 0.050545 0.270199
1 0.567919 0.318102 0.041796 0.162828
1 0.506717 0.269702 0.023137 0.148839
1 0.466041 0.246760 0.043289 0.153316
1 0.424618 0.281452 0.035079 0.157792
1 0.393457 0.347479 0.058589 0.208151