0 0.832367 0.790577 0.333592 0.400989
0 0.694262 0.686543 0.191273 0.601084
0 0.904692 0.680724 0.188942 0.611767
0 0.138972 0.664222 0.197250 0.588329
0 0.330245 0.675383 0.194860 0.620217
0 0.647639 0.538265 0.141064 0.495855
0 0.788105 0.541454 0.120741 0.518176
0 0.235206 0.521524 0.143455 0.462372
0 0.371488 0.511161 0.119546 0.457589
0 0.287209 0.462532 0.096832 0.433673
0 0.396593 0.476881 0.102809 0.449617
0 0.329647 0.350925 0.098027 0.318878
0 0.418709 0.341358 0.084877 0.334821
0 0.612373 0.409120 0.106396 0.342793
0 0.723551 0.402742 0.101614 0.355548
0 0.592050 0.316645 0.087268 0.259885
0 0.681710 0.314254 0.094441 0.271046
0 0.642259 0.219388 0.072923 0.215242
0 0.577705 0.225765 0.070532 0.218431
0 0.504184 0.229751 0.069337 0.216837
0 0.430066 0.223374 0.076509 0.213648
0 0.355947 0.230548 0.057382 0.227997
1 0.896892 0.672194 0.180514 0.556441
1 0.137776 0.642698 0.173341 0.507015
1 0.642259 0.525510 0.170950 0.473533
1 0.781530 0.526307 0.112373 0.494260
1 0.723551 0.410714 0.077705 0.393814
1 0.676330 0.307876 0.057382 0.261480
1 0.586671 0.303093 0.081291 0.229592
1 0.578302 0.207430 0.052600 0.204082
1 0.223849 0.417889 0.118350 0.366709
1 0.409145 0.351722 0.075314 0.301339
1 0.328452 0.317443 0.057382 0.258291
1 0.353556 0.244101 0.040646 0.235969