0 0.835178 0.797030 0.311462 0.396040
0 0.709486 0.668713 0.259289 0.459406
0 0.926877 0.656040 0.131225 0.472079
0 0.143083 0.801683 0.271146 0.392673
0 0.197233 0.709109 0.319368 0.483168
0 0.016996 0.719406 0.018972 0.497426
0 0.805929 0.572079 0.173913 0.421386
0 0.641502 0.576832 0.158103 0.402376
0 0.606719 0.498416 0.164427 0.359604
0 0.767984 0.492871 0.158103 0.342178
0 0.665659 0.438750 0.115283 0.281499
0 0.562970 0.441176 0.124971 0.276645
0 0.629330 0.397981 0.081376 0.244613
0 0.542329 0.399987 0.081415 0.240782
0 0.605689 0.365120 0.070253 0.197362
0 0.523617 0.367093 0.068940 0.197362
0 0.580357 0.327603 0.048498 0.144972
0 0.512662 0.327198 0.056985 0.144162
0 0.572476 0.313633 0.042436 0.133228
0 0.508014 0.312418 0.057389 0.130798
0 0.564595 0.273340 0.048498 0.137682
0 0.501750 0.271518 0.062643 0.138897
0 0.068422 0.581750 0.133533 0.394969
0 0.270324 0.587637 0.197628 0.423869
0 0.321336 0.498500 0.138739 0.347035
0 0.162135 0.502000 0.165689 0.354035
0 0.340751 0.434855 0.099783 0.261275
0 0.220313 0.432196 0.119192 0.265054
0 0.252745 0.408801 0.098375 0.250825
0 0.354633 0.410121 0.089592 0.248185
0 0.282008 0.370886 0.074111 0.201365
0 0.362127 0.368210 0.070105 0.198689
0 0.368906 0.348185 0.059061 0.180266
0 0.297806 0.347502 0.062242 0.175259
0 0.377143 0.324384 0.054336 0.146949
0 0.303814 0.323179 0.058663 0.146467
0 0.438211 0.270181 0.056259 0.140686
0 0.375220 0.272349 0.062029 0.139240
0 0.301891 0.272349 0.050970 0.133459
1 0.180971 0.753182 0.354320 0.482320
1 0.668690 0.649929 0.228684 0.490806
1 0.812676 0.519095 0.163749 0.455446
1 0.260728 0.608204 0.245624 0.475248
1 0.124506 0.483734 0.156691 0.398868
1 0.327075 0.479491 0.138340 0.390382