0 0.863919 0.731251 0.268485 0.525571
0 0.129652 0.726560 0.207275 0.542944
0 0.357486 0.727429 0.215043 0.521749
0 0.903145 0.671654 0.150983 0.606299
0 0.730668 0.649606 0.139450 0.584252
0 0.692923 0.568504 0.160419 0.519685
0 0.416645 0.610236 0.155177 0.492913
0 0.275098 0.614961 0.119528 0.502362
0 0.707219 0.434029 0.078637 0.327729
0 0.626457 0.440945 0.081471 0.335178
0 0.625394 0.391998 0.066593 0.284103
0 0.602016 0.334539 0.051008 0.196850
0 0.636722 0.286120 0.037882 0.153687
0 0.591874 0.300181 0.039623 0.158265
0 0.589914 0.280561 0.036575 0.151725
0 0.587955 0.246226 0.036140 0.136683
0 0.624313 0.247534 0.030479 0.130144
0 0.612774 0.208295 0.031786 0.105292
0 0.579247 0.210584 0.032657 0.103330
0 0.548767 0.207968 0.030044 0.108562
0 0.450757 0.496017 0.103031 0.361841
0 0.340529 0.493173 0.087122 0.358427
0 0.468939 0.434573 0.063637 0.302672
0 0.371211 0.436849 0.078788 0.307223
0 0.478071 0.361745 0.057626 0.225957
0 0.405401 0.358298 0.062216 0.217531
0 0.425800 0.342213 0.036718 0.223659
0 0.496685 0.324596 0.038758 0.208340
0 0.503570 0.302001 0.036208 0.178467
0 0.510709 0.257192 0.032128 0.159319
0 0.468892 0.254128 0.028048 0.160851
0 0.510709 0.207022 0.030088 0.111063
0 0.476287 0.208171 0.030598 0.113361
1 0.841735 0.700918 0.285953 0.582417
1 0.131186 0.727761 0.255624 0.525477
1 0.388435 0.500000 0.165723 0.525477
1 0.679707 0.467973 0.102115 0.431139
1 0.636690 0.384039 0.083622 0.342979