0 0.075880 0.916747 0.146699 0.164148
0 0.250565 0.916747 0.178512 0.164148
0 0.172732 0.868722 0.118799 0.247475
0 0.324843 0.868581 0.119170 0.260480
0 0.371189 0.835565 0.141930 0.308685
0 0.223296 0.826894 0.113306 0.315622
0 0.390272 0.796546 0.120462 0.317356
0 0.269214 0.795678 0.090645 0.326027
0 0.400609 0.735271 0.087464 0.242786
0 0.307977 0.737005 0.088259 0.255503
0 0.396873 0.719417 0.074455 0.248415
0 0.318761 0.702985 0.057836 0.227150
0 0.427453 0.679303 0.054512 0.212651
0 0.347679 0.679787 0.061160 0.215551
0 0.420805 0.657555 0.041216 0.203951
0 0.360642 0.657072 0.047199 0.204918
0 0.717410 0.926712 0.182373 0.144217
0 0.898687 0.925051 0.158831 0.147539
0 0.801566 0.874535 0.126795 0.245815
0 0.659350 0.872044 0.118799 0.244154
0 0.734991 0.837899 0.109177 0.305394
0 0.621135 0.839411 0.097740 0.302371
0 0.595894 0.793570 0.083664 0.281778
0 0.682973 0.768123 0.093909 0.287984
0 0.585649 0.769364 0.064882 0.280536
0 0.655654 0.742056 0.080249 0.290467
0 0.571563 0.736470 0.077688 0.269364
0 0.616478 0.689432 0.052918 0.229995
0 0.555507 0.679814 0.050617 0.222468
0 0.604399 0.656396 0.048317 0.199050
0 0.545728 0.653469 0.062121 0.189850
0 0.595771 0.626706 0.051768 0.164760
0 0.540839 0.623361 0.053493 0.151378
0 0.483319 0.621270 0.052343 0.158905
0 0.434140 0.622943 0.057520 0.158905
0 0.375470 0.624615 0.052918 0.157233
1 0.377444 0.795466 0.148689 0.403564
1 0.689691 0.727332 0.118951 0.345912
1 0.589213 0.626441 0.067586 0.222746