0 0.268856 0.917158 0.191606 0.157724
0 0.082472 0.907356 0.164943 0.180277
0 0.710361 0.922317 0.174371 0.141509
0 0.896543 0.925192 0.153386 0.147258
0 0.174574 0.863355 0.118613 0.265330
0 0.332218 0.863355 0.154096 0.256486
0 0.655109 0.875884 0.134834 0.243219
0 0.808698 0.875147 0.113544 0.232901
0 0.743816 0.833874 0.107461 0.291863
0 0.632806 0.836085 0.122668 0.296285
0 0.365673 0.836822 0.127737 0.291863
0 0.226277 0.835348 0.106448 0.309552
0 0.698042 0.798925 0.099021 0.303039
0 0.596192 0.797554 0.087704 0.292069
0 0.679102 0.775157 0.094620 0.307446
0 0.584965 0.766032 0.082069 0.294811
0 0.643020 0.730143 0.072382 0.258673
0 0.571946 0.726973 0.076743 0.267549
0 0.614678 0.678789 0.047092 0.214293
0 0.553633 0.683227 0.069766 0.205417
0 0.608137 0.655331 0.056685 0.192737
0 0.546220 0.655965 0.058429 0.191469
0 0.374857 0.777059 0.122091 0.278961
0 0.267592 0.778327 0.095928 0.294177
0 0.390991 0.744091 0.082847 0.271353
0 0.296806 0.740287 0.074126 0.278961
0 0.412356 0.725071 0.087208 0.276425
0 0.320352 0.713659 0.089824 0.266281
0 0.425629 0.683019 0.075264 0.228302
0 0.349067 0.683962 0.064882 0.237736
0 0.430819 0.663679 0.062287 0.219811
0 0.367883 0.663679 0.055799 0.219811
0 0.594647 0.638679 0.047364 0.196226
0 0.540146 0.642453 0.057745 0.209434
0 0.482725 0.638679 0.046715 0.207547
0 0.430819 0.641038 0.057097 0.206604
0 0.372425 0.642453 0.046715 0.207547
1 0.210132 0.778797 0.142181 0.375611
1 0.691744 0.752591 0.104132 0.334847
1 0.582605 0.762055 0.108137 0.336303
1 0.426907 0.733665 0.115146 0.337759
1 0.598125 0.660872 0.053067 0.250408
1 0.536046 0.654321 0.061078 0.240217